000000000000000000000000000000000000000000000000000000000000000000000000000000000000
000000000000000000000000000000000000000000000000000000000000000000000000000000000000
000000000000000000000000000000000000000000000000000000000000000000000000000000000000
000000000000000000000000000000000000000000000000000000000000000000000000000000000000
000000000000000000000000000000000000000000000000000000000000000000000000000000000000
000000000000000000000000000000000000000000000000000000000000000000000000000000000000
000000000000000000000000000000000000000000000000000000000000000000000000000000000000
111122222111                                                                       0
   1111111         212                                                             0
                                     11111                                         0
                                                                                   0
                                                                                   0
                      1       1112111                                              0
                                                                                   0
                                                                                   0
                                                                                   0
                                                                                   0
                                           11211                                   0
                                                                                   0
                                                                                   0
                                                                                   0
                                                      121                          0
                                                                                   0
                                                                                   0
                                                                                   0
                                 1111122                                           0
                                                                                   0
                                             1                                     0
                                                                                   0
                    12131                                                          0
                                                                                   0
                                                                                   0
                          22     222                                               0
                                                                                   0
                                                                                   0
                            2221222                                                0
                            2222222                                                0
                                                                                   0
                                                                                   0
                                                                                   0
                                       1222                                        0
                                                                                   0
                                                                                   0
                  1122                                                             0
                                                     221111122                     0
                                                      2222222                      0
                                                                                   0
                                                                                   0
                                          1                                        0
                                                                                   0
      211222                                                                       0
                                                                                   0
                                                                                   0
                                                                                   0
                                                                                   0
                                         221222                                    0
                                                                                   0
                                                                                   0
                                                                                   0
                                                                                   0
                                                          4                        0
                                                       1111111                     0
                                                                                   0
                                                                                   0
                                                                                   0
