1111111111111111111111111111111111111111111111111111111111111111111111111111111111111111111111111111111111111111111111111
0000000000000000000001000000000000001001000000000000000000000001000001000000000000001000001000000000000001000001000000001
0000000000000000000001000000000000001001000000000000000000000001000001000000000000001000001000000000000001000001000000001
1111111111111111001001001111111111001101001111111001111001111111001001001001001111111001001111111111111001001001001001001
1000001000000001001001000000001001001001001000001000001001000000001000001001001000000001000000000000001001001000001001001
1000001000000001001001000000001001001001001000001000001001000000001000001001001000000001000000000000001001001000001001001
1001001001111001101101111111001011101011101111001111001101001111111111111011111101111111111111001111001101111111111011111
1001000001000000001000001000001000001001000001000001001001000000001000001000000001001000000001000001001001000000001000001
1001000001000000001000001000001000001001000001000001001001000000001000001000000001001000000001000001001001000000001000001
1011111111111111111111001001111101111101111001111001101111111111001001111111111111001001111001111001001011001111001111001
1001000000000000000001000001000001000001000001000001000000001000001001000000000000001001001000001001001001000001000001001
1001000000000000000001000001000001000001000001000001000000001000001001000000000000001001001000001001001001000001000001001
1101001111111111111001111111001111001111001111001011111001111001111101001001001111111101001111001011111101111001111001101
1000001000000001001001000000000001000000000000001001000001000001000000001001001000000001000001001001000001000001000000001
1000001000000001001001000000000001000000000000001001000001000001000000001001001000000001000001001001000001000001000000001
1001111111001001011101111111110001111111001111111111001111001111001111111001111001111111001001101101001111001111111111111
1000000000001001001000000000010000000001001000000001001000001000000000001001000001000000001000000001001000000000000000001
1000000000001001001000000000010000000001001000000001001000001000000000001001000001000000001000000001001000000000000000001
1111111111111101101111111110011111111001111001111001011001111111111111001011001111111111111111111111101001111111111111001
1001000000000000000000000010000000001000000001001001001000000000001000001001000000001000000000000000001000001000000001001
1001000000000000000000000010000000001000000001001001001000000000001000001001000000001000000000000000001000001000000001001
1001001111111111111111111111111111001111111111001011101111111111001111111001111111001001111111111111111111001001111001101
1000000001000000001000000000000001000001000000001000001000001000001000000000001001001001000000001000000001001000001001001
1000000001000000001000000000000001000001000000001000001000001000001000000000001001001001000000001000000001001000001001001
1001111111001111001001111111111001111001111111001111011001001001111001111111001001101011001111001111001001011111111001011
1001000000001001001000000001001001000001000001000001001001001000000001000000001001000001001000000000001001000000000001001
1001000000001001001000000001001001000001000001000001001001001000000001000000001001000001001000000000001001000000000001001
1101001111111011011111111001011011001111001001001001101011101111111111001111111001111111011111111111111101111111001111101
1001000001000001000000000001001001000000001001001001001001001000000000001000000000001000001000000000001000000001001000001
1001000001000001000000000001001001000000001001001001001001001000000000001000000000001000001000000000001000000001001000001
1011111001111001111111111111101101111111111101001011011101111001111111111001111111111001001001111111001111111001111001011
1000001000001000000000001000001001000000000001001000000001000001000000001000000000000001000001001000001000001001000001001
1000001000001000000000001000001001000000000001001000000001000001000000001000000000000001000001001000001000001001000001001
1111001111001001111111001001011011001111111111001111111111001111001111111001111111111111111111001001111001111101001111001
1000001001001000000001000001001000001000001000001000000000001000001000000001000000000001000000001000001001000001001000001
1000001001001000000001000001001000001000001222221000000000001000001000000001000000000001000000001000001001000001001000001
1001111011011101111001111111211111011001001222221001111111111001111001111111001111111001001111001111001011001111101111111
1001000001001000001000000000000001001001000000000001000000001000000001000000001000001000001000000001001001000001000000001
1001000001001000001000000000000001001001000000000001000000001000000001000000001000001000001000000001001001000001000000001
1101111001101111001111111111001001101101111111111111111001001101111111111111011001111001111111111111101101111001001111001
1000000001001001000000001001001001001001000000001000000001001000000000001000001000001001000000000000001000000001000001001
1000000001001001000000001001001001001001000000001000000001001000000000001000001000001001000000000000001000000001000001001
1111111111011011111111001101101001011011111001001111001111111111111111001001111111001101001111111111111001111111111111001
1000000001001001000000001001001001001000001001000001000000000000000001001001000001000001000001000001000001000000000001001
1000000001001001000000001001001001001000001001000001000000000000000001001001000001000001000001000001000001000000000001001
1001111001101101001111111011011331101111001101111001111111111001111001011101001001111111111001111001001111111111001001001
1001000000001000000000001001000000001001001000001000000000000001000001000001001000000000001000001001000000000001001000001
1001000000001000000000001001000000001001001000001000000000000001000001000001001000000000001000001001000000000001001000001
1011111111111111111111001101111111011001101001001111001111111111222221111011101111111111001111001101111111111001101111001
1000000000000001001000001001000001000001001001001000001000001000000000000001001000000001000000001000001000000001000001001
1000000000000001001000001001000001000001001001001000001000001000000000000001001000000001000000001000001000000001000001001
1101111111111001101001111011001001111001011111101111111001001001111111111111011001111001111111111111001001111111001001001
1000001000001001000001000001001001000001000001000000000001000001000000000001000001001000000001000000001000000001001001001
1000001000001001000001000001001001000001000001000000000001000001000000000001000001001000000001000000001000000001001001001
1111001001111101001111001111011011001111111001111111111111111111001111111001111001001111111001111001111111111001101011001
1000001001000001000000001000001001000000001000000000000000000000001000001000001000000000001000001001000000000001001001001
1000001001000001000000001000001001000000001000000000000000000000001000001000001000000000001000001001000000000001001001001
1001111101001111111111111001111101111111111111111111111111111111111001001111001111111111111111001101001111111111111101001
1000000001000000000000000000001000000000000000000000000000000000000001000000000000000000000000001000000000000000000001001
1000000001000000000000000000001000000000000000000000000000000000000001000000000000000000000000001000000000000000000001241
1111111111111111111111111111111111111111111111111111111111111111111111111111111111111111111111111111111111111111111111111
